# Kumulative Zahl der Infizierten gemaess
# https://interaktiv.morgenpost.de/corona-virus-karte-infektionen-deutschland-weltweit/
# zusammengefasst von R. Harlander.
# Achtung: Evtl. sind nicht alle Teilbeitraege gelistet, deshalb ist
# "Gesamt" >= Summe ueber Teileintraege.
# Alle Zahlen ohne Gewaehr - wie beim Lotto.
# Benutzung dieser Tabellen auf eigene Verantwortung!
#
# Die einzelnen Spalten von 1-18 sind:
# 1 - Datum [Jahr-Monat-Tag]
# 2 - Gesamt
# 3 - Nordrhein-Westfalen
# 4 - Baden-Wuerttemberg
# 5 - Bayern
# 6 - Niedersachsen
# 7 - Berlin
# 8 - Hessen
# 9 - Rheinland-Pfalz
# 10 - Hamburg
# 11 - Sachsen
# 12 - Schleswig-Holstein
# 13 - Brandenburg
# 14 - Sachsen-Anhalt
# 15 - Bremen
# 16 - Saarland
# 17 - Mecklenburg-Vorpommern
# 18 - Thueringen
2020-02-25 18 1 1 14 0 0 2 0 0 0 0 0 0 0 0 0 0
2020-02-26 21 2 3 14 0 0 2 0 0 0 0 0 0 0 0 0 0
2020-02-27 26 4 6 14 0 0 2 0 0 0 0 0 0 0 0 0 0
2020-02-28 53 25 10 15 0 0 2 0 0 0 1 0 0 0 0 0 0
2020-02-29 66 30 14 15 0 0 5 1 0 0 1 0 0 0 0 0 0
2020-03-01 117 66 15 19 1 0 10 2 1 0 2 0 0 1 0 0 0
2020-03-02 150 86 19 25 1 1 12 2 1 0 2 0 0 1 0 0 0
2020-03-03 188 101 26 35 1 3 12 2 2 1 2 1 0 1 0 0 1
2020-03-04 240 111 44 48 4 6 12 2 2 1 2 1 0 2 1 3 1
2020-03-05 349 175 65 52 10 9 14 7 3 1 3 1 0 3 1 4 1
2020-03-06 534 281 91 79 18 15 15 8 8 1 7 1 0 3 1 5 1
2020-03-07 684 346 116 117 19 24 16 10 12 2 8 2 0 4 2 5 1
2020-03-08 847 392 182 148 21 28 17 15 13 4 8 2 0 4 4 7 2
2020-03-09 1112 484 199 256 33 40 20 19 17 10 9 6 0 4 5 8 2
2020-03-10 1139 484 204 256 38 48 26 17 17 12 9 6 0 4 6 10 2
2020-03-11 1567 484 277 366 75 90 48 25 48 26 27 24 15 21 14 17 10
2020-03-12 2078 909 335 366 82 118 48 29 54 29 27 24 24 32 14 17 12
2020-03-13 2745 1041 454 500 129 137 99 52 88 49 31 30 27 38 29 23 18
2020-03-14 3675 1433 569 558 230 174 148 102 99 83 48 44 42 42 40 33 30
2020-03-15 4585 1636 827 681 253 216 203 162 158 99 60 61 45 53 40 45 46
2020-03-16 6245 2493 977 886 287 283 282 200 196 134 123 84 60 56 74 50 60
2020-03-17 7272 2744 1105 1067 391 332 342 325 260 152 123 94 77 57 85 51 67
2020-03-18 9360 3375 1641 1352 563 383 381 435 312 247 145 114 105 66 101 69 71
2020-03-19 12327 4268 2184 1798 740 519 547 603 414 296 196 171 133 75 169 100 114
2020-03-20 15343 4971 2748 2282 981 688 740 749 506 389 253 204 174 119 217 133 189
2020-03-21 19928 6301 3668 3107 1262 868 962 890 664 562 383 265 217 142 255 167 215
2020-03-22 22364 6849 3818 3695 1452 1025 1166 1062 768 650 383 315 253 168 301 182 277
2020-03-23 24873 7361 4300 4457 1586 1071 1267 1149 887 731 436 353 269 173 318 187 328
2020-03-24 32991 9087 6043 6362 2071 1425 1620 1480 1237 1018 544 443 377 195 433 219 437
2020-03-25 32991 9087 6043 6362 2071 1425 1620 1480 1237 1018 544 443 377 195 433 219 437
2020-03-26 37323 9764 7252 7289 2313 1645 1909 1637 1450 1128 609 505 420 212 466 245 479
2020-03-27 43211 10948 8441 8842 2726 1937 2170 1873 1614 1275 685 579 500 244 540 265 572
2020-03-28 48823 12114 9729 10180 3175 1955 2392 2101 1759 1505 821 696 561 244 614 309 668
2020-03-29 54268 12744 10819 11862 3483 2337 2776 2357 1935 1700 917 747 594 278 669 348 702
2020-03-30 59612 13630 11536 13989 3786 2464 3091 2584 2078 1816 1049 833 635 290 726 356 749
2020-03-31 66885 14442 12257 14437 4026 2581 3100 2686 2214 1930 1053 894 682 297 800 366 777
2020-04-01 71808 15241 13410 16497 4382 2777 3445 2899 2311 2084 1246 945 752 315 961 412 860
2020-04-02 76544 16344 14580 17151 4717 2993 3582 3036 2437 2245 1252 1038 806 330 1073 445 887
2020-04-03 84794 17614 15971 19153 5059 3223 3882 3276 2557 2411 1448 1124 838 341 1252 468 985
2020-04-04 91159 18557 17180 21908 5571 3486 4279 3504 2739 2646 1568 1353 898 354 1318 501 1074
2020-04-05 96092 19405 18614 23846 5764 3626 4575 3663 2945 2843 1638 1404 919 394 1410 523 1140
2020-04-06 100123 20523 19287 24350 6009 3687 4575 3847 3019 3006 1638 1452 958 394 1542 528 1156
2020-04-07 103375 21582 20141 26163 6218 3862 4837 3992 3088 3097 1735 1524 989 399 1605 531 1208
2020-04-08 107663 21825 20635 26567 6444 4038 4845 4052 3217 3181 1735 1574 1024 422 1700 555 1264
2020-04-09 113296 22849 21603 28827 6845 4212 5242 4336 3370 3339 1934 1613 1077 445 1842 572 1351
2020-04-10 118235 23605 22433 30363 7114 4357 5694 4407 3551 3487 2029 1782 1123 454 1987 586 1416
2020-04-11 122171 25651 23617 31453 7411 4458 5808 4701 3739 3601 2069 1867 1168 469 2072 601 1435
2020-04-12 125452 26333 24078 32282 7670 4567 5859 4773 3742 3708 2113 1920 1168 480 2095 605 1464
2020-04-13 127854 26333 24570 33015 7723 4601 6114 4810 3817 3764 2135 1973 1195 486 2121 618 1485
2020-04-14 130072 26984 24898 33329 7951 4667 6114 4842 3887 3802 2135 2075 1210 489 2138 618 1494
2020-04-15 132210 27657 25438 34294 8070 4736 6347 5004 3925 3915 2248 2133 1240 500 2167 624 1550
2020-04-16 134753 27683 26050 34664 8217 4870 6347 5032 3978 4028 2248 2159 1249 504 2225 633 1566
2020-04-17 138135 28000 26630 36027 8462 4971 6705 5211 4064 4110 2349 2270 1288 556 2275 642 1682
2020-04-18 141397 28607 27328 36881 8682 5091 6916 5402 4195 4180 2387 2338 1317 567 2305 645 1717
2020-04-19 143724 29155 27710 37254 8863 5187 6983 5402 4297 4240 2387 2338 1352 582 2327 649 1722
2020-04-20 145742 29580 28078 37786 8967 5225 7147 5493 4347 4277 2417 2378 1371 601 2336 651 1768
2020-04-21 147065 29580 28712 38310 9150 5265 7231 5561 4368 4323 2426 2396 1387 609 2348 655 1798
2020-04-22 148453 29580 28793 38618 9275 5341 7305 5561 4401 4342 2446 2457 1399 625 2381 655 1820
2020-04-23 150648 30289 29350 39190 9437 5355 7446 5638 4449 4397 2496 2503 1429 673 2413 657 1874
2020-04-24 153129 30729 29912 39820 9599 5476 7639 5722 4511 4438 2530 2546 1440 708 2452 659 1962
2020-04-25 154999 31129 30369 40473 9720 5532 7796 5761 4558 4479 2557 2647 1481 708 2477 665 2023
2020-04-26 156513 31669 30761 40951 9849 5607 8257 5835 4589 4507 2630 2738 1495 740 2496 673 2064
2020-04-27 157770 31669 31017 41295 9909 5644 8257 5873 4636 4541 2630 2780 1516 754 2512 673 2098
2020-04-28 158758 32184 31196 41415 9959 5677 8026 5928 4658 4567 2653 2791 1520 759 2518 675 2144
2020-04-29 160059 32429 31406 42217 10100 5738 8185 5996 4724 4620 2679 2860 1531 797 2526 687 2208
2020-04-30 161539 32429 31589 42217 10100 5821 8185 5996 4724 4620 2679 2860 1550 827 2552 691 2208
2020-05-01 163009 33058 31919 42495 10198 5887 8376 6086 4801 4656 2714 2885 1565 859 2581 694 2323
2020-05-02 164077 33058 32123 42916 10306 5936 8393 6096 4820 4677 2714 2921 1572 859 2592 695 2323
2020-05-03 164967 33216 32272 43050 10344 5970 8486 6130 4831 4715 2728 2965 1577 875 2597 698 2335
2020-05-04 165664 33428 32389 43204 10386 6004 8524 6147 4834 4731 2738 2989 1579 893 2605 699 2353
